#01 K-Means 聚类实现教程（笔记）.ipynb
 为Python实现聚类算法的教学

#02 K-means .csv
为聚类所需用到的数据，包括海拔（ELE）、坡度（SLP）、气温（TMP）、降水（PPT）、流域面积（AREA）

#03 K-means（历史观测流域）.ipynb
为K-means的实现代码，使用上述5个特征将历史观测的3067个流域分为12类，并导出聚类中心

#04 K-means future.csv
为对需要对未来径流预测的4023个流域聚类分析所需用到的数据

#05_K-means（未来预测流域）.ipynb
为K-means的实现代码，使用上述导出的聚类中心将全球4023个流域分为12类

12个聚类的中心如下：
init_centers = np.array([
    [0.1434194, 0.59388503, 0.32230225, 0.07028912, 0.02479018],
    [0.15078661, 0.56684446, 0.89257778, 0.03505447, 0.01212893],
    [0.12452018, 0.60538852, 0.91312265, 0.58987749, 0.01604177],
    [0.82006785, 0.70775165, 0.50097417, 0.08077729, 0.00847637],
    [0.12635583, 0.58096882, 0.68690305, 0.13368898, 0.0135437 ],
    [0.34049674, 0.64744453, 0.59932711, 0.08522476, 0.01121737],
    [0.10485024, 0.56119213, 0.87728555, 0.29807345, 0.51071804],
    [0.30446539, 0.61234661, 0.82053632, 0.14782458, 0.01108607],
    [0.45417205, 0.58277838, 0.16279864, 0.17463462, 0.00627457],
    [0.14833351, 0.5910414,  0.86849806, 0.33987251, 0.01964907],
    [0.12945053, 0.56912597, 0.9213201, 0.19367179, 0.02417077],
    [0.1311968, 0.57741507, 0.49841305, 0.1355542, 0.03186765]
])